4.746612038298494464e-03
3.318924010388570218e-03
7.771996181034817978e-03
3.129269203165550850e-03
8.960297156571282728e-03
1.041244071338492169e-03
1.325880684735729039e-03
8.096012526797052465e-04
4.933346239219658924e-02
6.656467257289872680e-03
5.444714199501250610e-04
5.622210454818667852e-03
6.206371914952934186e-03
5.882645430020617353e-04
6.511113999479570301e-04
1.807609898204427107e-02
1.098395130682926777e-03
1.417851603617420291e-03
1.014451950291504756e-03
1.132221429865268260e-03
9.475741050922932302e-04
2.417120681983029110e-03
1.132391939989699963e-03
3.277814852878225930e-03
6.291795930684303262e-03
2.906642877368035074e-03
9.521048046076452387e-02
1.462049651247533319e-03
2.660475473175105687e-03
6.036823670584014721e-03
2.076026453830303979e-03
9.536446257562736228e-02
2.432223559724097997e-02
1.904853677820490950e-04
1.345152926346750025e-03
1.324432382466278653e-03
8.618255373396523783e-03
4.299200356017294188e-03
4.964315994330567063e-03
2.118051137438532912e-03
5.478256025996200993e-04
6.864257467219702291e-04
2.152912506816385615e-03
5.277969233291773463e-03
1.475373070476013572e-03
5.436380156481211007e-03
1.000750051681926003e-03
2.788452608703706655e-03
5.601516344376672755e-04
4.170351465686712375e-03
4.388901245734512513e-02
2.997595848624249031e-03
9.007091516211631873e-05
5.248564253792112159e-03
2.530444722443965077e-03
1.995900313241025931e-02
1.283825415308234791e-03
1.027823735648269142e-02
4.445792349715652070e-02
6.541315685332453785e-03
2.346946608613572141e-02
2.905995905772879202e-03
1.388151394299095339e-03
2.445694720374384703e-03
1.943888625132799905e-02
2.036940969637284979e-02
3.113821438018795074e-01
3.973524875984616421e-03
1.929811271448629226e-02
2.096125596683586639e-02
1.389579066202779748e-03
2.119420327425760794e-02
