3.135849160947014602e-01
1.428632875146703741e-04
2.273523285179700443e-04
3.901857529970567218e-04
8.909753414893420800e-05
2.565394517736553962e-04
3.255132325199854883e-03
4.086197255795948188e-04
9.216986291269056654e-05
2.780457531199498518e-04
7.252232046846869215e-03
4.981781090430925131e-03
1.198208217864977257e-04
8.018778073404078449e-04
2.525454243807721301e-03
4.017069858611430067e-03
8.186219991028800477e-03
1.275477286273449598e-02
6.605506842076156772e-04
2.063683230615141750e-02
1.474717806603049065e-03
3.686794516507622662e-04
8.172394511591896376e-04
4.915726022010163504e-05
6.579392047584228104e-03
4.823556159097472612e-04
1.552140491449708996e-02
1.864903559600105624e-03
6.620868485894939107e-04
1.664280491326815964e-02
8.249202730685804797e-04
9.954345194570579994e-04
2.887989037930971067e-04
4.840453967298132855e-03
1.583785477716399522e-03
4.857351775498792990e-03
9.355241085638091704e-04
8.476555059203775763e-03
4.808194515278690819e-04
2.332511997443822635e-02
5.422660268029961443e-04
7.266057526283772232e-04
4.608493145634528056e-04
2.058460271716755887e-04
7.870384594114647470e-02
4.454876707446710400e-05
1.221250683593149864e-03
8.326010949779714303e-04
3.603841639886200873e-03
2.611479449192899340e-04
6.328997253338085587e-04
3.454833694844017863e-03
1.781950682978684160e-04
2.663709038176757110e-03
6.150802185040217009e-03
2.508556435607061600e-03
6.252189034244176082e-04
7.404312320652808909e-04
1.236765943850119502e-02
1.149050957644875710e-03
2.396416435729954513e-04
1.394837258745383743e-03
1.221250683593149864e-03
2.841904106474625689e-04
2.473224654823863206e-04
5.407298624211179109e-04
3.272030133400514800e-04
6.756050951500218449e-03
4.381140817116557958e-03
7.281419170102554567e-04
9.524219167644690882e-04
1.409891669687789867e-02
8.049501361041642034e-04
4.777471227641127234e-04
3.937650160068328908e-02
1.786559176124318752e-03
1.560743011988226887e-03
7.665460265572098843e-04
5.868147938774632456e-03
1.279932162980896258e-02
2.242799997542136857e-04
1.743085724117166349e-02
1.529405258597912008e-02
2.712866298396858847e-03
2.119906846991882786e-04
1.078387396078479572e-03
1.024621642712743481e-02
6.332069582101841621e-03
3.927972324462495994e-03
1.140141204229982302e-02
3.004737530953712366e-03
2.823470133892087321e-03
3.671432872688840869e-04
1.239684656175688016e-03
3.144528489704626409e-03
9.370602729456874039e-04
5.914232870230977726e-04
1.142906300117362993e-03
1.893476217103039899e-02
6.404269308050115558e-03
4.086197255795948188e-04
7.081717800458391804e-04
7.450397252109153745e-04
4.522467940249350234e-03
4.573161364851329770e-03
5.900407390794074058e-03
1.689780820065993675e-04
1.357969313580307657e-03
1.152123286408632014e-04
3.548539722138586527e-04
2.245872326305893216e-03
1.029230135858377943e-04
2.012375340260410509e-04
2.692281695679691125e-02
2.686751503904929745e-03
1.912524655438329127e-03
3.064647941846961304e-03
1.460078160043749851e-01
8.080224648679205620e-04
7.911246566672606442e-04
1.746618902195486199e-03
3.719053968527064047e-03
6.605506842076157314e-05
