3.456711987533607200e-01
2.246853994726013003e-05
5.107457856272932042e-04
5.609981319128354299e-05
7.761158864511104782e-05
3.524142921886359208e-04
2.711256717091078136e-04
2.799863272655649885e-04
1.255917033793486120e-05
2.953586310094481575e-04
1.232484148232022847e-03
8.674005399056137350e-03
3.051340988600591866e-05
1.298842306333151042e-04
7.396303050418540992e-04
6.302081407216078741e-03
8.526243934859279588e-03
7.546458122685947151e-03
1.930857895811898038e-04
9.491712215802835043e-03
3.062345886491262513e-04
8.153444928448306660e-05
1.012625626337890396e-04
3.383453474786129545e-05
4.952829054696281964e-04
1.618836786423137402e-04
3.219969039714186410e-02
1.045551872654272010e-03
2.371453501014580514e-05
4.932550895134919094e-02
4.198344977315551958e-03
2.571543860712521140e-04
5.459638724346138139e-04
7.871689493066963850e-04
8.302850519430306634e-06
3.796240312024418660e-03
1.662024590263519550e-05
3.103257199742547393e-02
2.414865883007158692e-03
8.492748836952164091e-04
1.062180542796303833e-04
2.733823678239697137e-05
4.967706008167727463e-04
2.263441105208024233e-05
1.246641591103376662e-01
2.870238930757616921e-04
3.173163721151816543e-04
2.276890643635271112e-03
1.134062670302469350e-02
2.770076105207627419e-05
2.168728508991668667e-03
1.325441347060057678e-03
6.124910980187389057e-04
1.071766814931038141e-02
3.367891075586495423e-03
4.137539808382092034e-04
3.155941060942589081e-04
6.252386146713275828e-04
4.954267014402581604e-03
9.426999839665365537e-05
1.015849695855409329e-04
5.535533774546118242e-06
3.100401848116832431e-04
6.469014612800966853e-05
2.186857636447275149e-04
6.548946295338051258e-04
2.939794423547431525e-04
5.568815102382946268e-03
4.279795885376595690e-04
1.465389350611922843e-03
1.111026102554346293e-03
2.801185249737580315e-03
1.525059234800486612e-04
4.935539781996715284e-04
4.517705778328186955e-02
2.722706247518592079e-04
3.564628015551764978e-04
9.601069099156511126e-05
2.787839352100848333e-03
6.392517766938952571e-04
1.536766963280135844e-04
9.875418994216781775e-04
3.922674297472087020e-03
1.029078655121348556e-03
2.275002917815250486e-04
2.211395375252672149e-04
3.428227871850155709e-03
1.779435857683258834e-02
2.544741168126520839e-04
2.444646929717829605e-03
1.457505925448170244e-04
6.257645384665038585e-03
3.614061173735701616e-04
2.855692709937149927e-04
5.749239680437585138e-04
1.027025974745406252e-02
8.017060450746849899e-04
5.750377773721550680e-04
3.698694836296252935e-03
9.660161172928220796e-03
5.504947908832721806e-04
8.302582414535907961e-05
9.923651775872156406e-06
1.332913113467665625e-03
1.143670846400487735e-03
7.192781780532310314e-03
4.320244670255361731e-04
5.098904486517430099e-03
1.249503309025747652e-04
2.083557137064853595e-03
1.059109672441202812e-02
1.338589941433220986e-04
4.538220732910117343e-05
1.193241488713254811e-03
3.027890146800816715e-04
2.587731401320411814e-04
5.846261336668980620e-04
1.531441857918568461e-01
1.106840077672328199e-03
2.236291730236705962e-04
3.034601950825602332e-03
2.909077798536435257e-03
6.772124686745041610e-05
