1.435793832095945177e+01
1.580364041118313345e+01
1.423684210526315752e+01
9.929682060802971222e+00
7.085487842413050075e+00
1.648334294635931485e+01
1.184054216867469833e+01
1.550024082458337382e+01
1.383982802780827015e+01
1.352098575279168280e+01
1.518383947939262413e+01
1.113199130733157993e+01
1.503414672175878941e+01
1.915715679081308309e+01
1.200000000000000000e+01
8.438433726720786510e+00
1.409194528875379859e+01
1.288666397885588921e+01
1.518826135105204855e+01
1.786666129737441722e+01
1.444366197183098599e+01
1.562962962962962976e+01
9.191489361702128491e+00
1.263296976146138206e+01
1.576126126126126081e+01
1.708990767607491534e+01
1.071990981616371919e+01
1.451384220767733879e+01
1.220768136557610184e+01
1.528066549986293587e+01
1.493203053359438925e+01
1.569790433341226610e+01
1.249771040581083170e+01
1.396076698170939068e+01
1.325000000000000000e+01
1.354838709677419395e+01
1.194999999999999929e+01
1.174932775619958214e+01
1.507993067590987835e+01
1.454098360655737743e+01
