1.448646664538780726e+01
1.587393606960469050e+01
1.556808510638297882e+01
9.579248416261762600e+00
7.434014300306435175e+00
1.629942937230953959e+01
1.054828276605575255e+01
1.534391597899474924e+01
1.326213244083193921e+01
1.375565835123079417e+01
1.474741334712881446e+01
1.055939524838012922e+01
1.402098756558614312e+01
1.909245919927679225e+01
1.033970588235294130e+01
1.004926108374384164e+01
1.399317950615000505e+01
1.359741288278775073e+01
1.504296968250178956e+01
1.776086701816051416e+01
1.507063572149344033e+01
1.655555555555555713e+01
6.891891891891892108e+00
1.246171638692841555e+01
1.545261239368165285e+01
1.704960285892618899e+01
1.069344178952719915e+01
1.368907563025210017e+01
1.305008210180623962e+01
1.506633860292856930e+01
1.451775174793425904e+01
1.552199807390136321e+01
1.145147268491149894e+01
1.370174797045271653e+01
1.473684210526315752e+01
1.196969696969696884e+01
1.325000000000000000e+01
1.339142749244713038e+01
1.522923530431766892e+01
1.369999999999999929e+01
