1.434894335375765984e+01
1.238383838383838409e+01
1.062500000000000000e+01
1.013696892834495955e+01
7.486352357320098960e+00
1.650664544944937617e+01
1.136918741193048454e+01
1.579684060397482348e+01
1.438011425042457958e+01
1.409818280444806149e+01
1.525882352941176556e+01
1.174309217464669963e+01
1.499885290743845445e+01
1.920041881807970441e+01
8.400000000000000355e+00
9.677869372225744726e+00
1.429781453041937311e+01
1.261673151750972721e+01
1.434412955465587025e+01
1.791855280398940309e+01
1.574770389057511188e+01
1.467307692307692335e+01
1.095454545454545503e+01
1.293496465470364321e+01
1.603650327107234119e+01
1.717768419425878079e+01
1.079070219801594988e+01
1.459895107760386779e+01
1.260313290523448160e+01
1.551998633413050932e+01
1.499303668478260931e+01
1.567935294285469716e+01
1.347759592165280473e+01
1.426669360995105329e+01
1.417857142857142883e+01
1.432142857142857117e+01
1.328571428571428648e+01
1.391997729852440457e+01
1.499957519116397542e+01
1.433333333333333393e+01
