1.428449105253030638e+01
1.556766942148760258e+01
1.090196078431372584e+01
1.003222289521502120e+01
7.073802378570634986e+00
1.641961055844449646e+01
1.104578987534978296e+01
1.569543090845161615e+01
1.260844847709047123e+01
1.392845015765219507e+01
1.513345521023765983e+01
1.109614545454545542e+01
1.483317800559179922e+01
1.914242631829208463e+01
1.200000000000000000e+01
1.214465189321235350e+01
1.402429962303040156e+01
1.319926243878846428e+01
1.490909090909090828e+01
1.781584297991162202e+01
1.560854823975827443e+01
1.505555555555555536e+01
9.000000000000000000e+00
1.250343671416596791e+01
1.559070221066319917e+01
1.710093684902360422e+01
9.506205398696867093e+00
1.434457950880674737e+01
1.241518353726362633e+01
1.535118336122400251e+01
1.465576394303771579e+01
1.558870950451319715e+01
1.334059260810386327e+01
1.352782171099928021e+01
1.421153846153846168e+01
1.408620689655172420e+01
1.445454545454545503e+01
1.363689520015421230e+01
1.556842389835090579e+01
1.562337662337662358e+01
