1.458803466076696154e+01
1.553791304347826063e+01
1.499445564516129004e+01
1.016003498032356767e+01
6.126729180206108794e+00
1.654950003721807406e+01
1.011559139784946204e+01
1.561276729559748411e+01
1.243506215173596274e+01
1.424870210135970261e+01
1.520795984223736141e+01
1.087385321100917501e+01
1.486095358118042498e+01
1.920773599739955628e+01
8.000000000000000000e+00
7.908560311284047017e+00
1.416925893803604097e+01
1.390933810375670809e+01
1.506738652269546108e+01
1.793358859378949433e+01
1.479282329045362232e+01
1.484615384615384670e+01
1.136585365853658480e+01
1.248040915395284323e+01
1.566382306477093245e+01
1.750687206106018223e+01
1.015362318840579725e+01
1.416599190283400844e+01
1.246544831524843033e+01
1.515703634669151967e+01
1.477068020304568563e+01
1.573295280326438217e+01
1.335448486002666080e+01
1.336111960844294977e+01
1.237500000000000000e+01
1.301999999999999957e+01
1.612500000000000000e+01
1.354789882493527209e+01
1.533136743930873713e+01
1.494117647058823550e+01
