1.464756875249103274e+01
1.567659845191390033e+01
1.481802748156400895e+01
1.102634400367590750e+01
7.183104705678069024e+00
1.670214941611959958e+01
1.112616586841441979e+01
1.570225482205922241e+01
1.264722222222222214e+01
1.403964609698734378e+01
1.490381113831857895e+01
1.147949097602945301e+01
1.474159560913456879e+01
1.928698383371824576e+01
5.000000000000000000e+00
9.528128587830080320e+00
1.437792171219374815e+01
1.336426147132719144e+01
1.533387305699481828e+01
1.802813708106851109e+01
1.543925985518905897e+01
1.497826086956521685e+01
1.074285714285714199e+01
1.254408241494968834e+01
1.608664180741390481e+01
1.759300238433305807e+01
1.075885944014294182e+01
1.480803347280334670e+01
1.304933920704845818e+01
1.519603796945934704e+01
1.525646978189013758e+01
1.589138607167004658e+01
1.357026574096241234e+01
1.353699421965317917e+01
1.344318181818181834e+01
1.327777777777777857e+01
1.413043478260869534e+01
1.209490084985835701e+01
1.560591464852302224e+01
1.491428571428571459e+01
