1.481632061375142229e+01
1.637500000000000000e+01
1.474223826714801433e+01
9.701887989846104787e+00
7.591921631776703983e+00
1.669641687344913095e+01
1.111970410221923267e+01
1.578210840642246282e+01
1.361809640695755164e+01
1.433549765057667713e+01
1.509505988023952128e+01
1.189454790217635249e+01
1.452677595628415297e+01
1.931021078270570612e+01
1.033333333333333393e+01
1.026862777685446737e+01
1.440886109632783452e+01
1.314953022513738645e+01
1.492849356878133804e+01
1.805243156696695550e+01
1.588181311159559961e+01
1.582352941176470651e+01
1.137500000000000000e+01
1.285114122033281880e+01
1.635269445856634363e+01
1.749739520831274575e+01
1.101232811759127550e+01
1.476368861024033485e+01
1.305897794889744468e+01
1.542449042618900634e+01
1.526947318182456215e+01
1.589612145798758291e+01
1.268449472872203643e+01
1.403220361868755006e+01
1.408108108108108070e+01
1.466666666666666607e+01
1.583333333333333393e+01
1.233200281756280781e+01
1.553362631508855962e+01
1.577611940298507420e+01
