1.458792753059194958e+01
1.507871720116618164e+01
1.308219178082191725e+01
9.620388142461079539e+00
7.184429417748788183e+00
1.655996622942105390e+01
1.038934217236104018e+01
1.578538315170385786e+01
1.291677936782513036e+01
1.422224268090591082e+01
1.514140534262485538e+01
1.160650224215246595e+01
1.538954468802698194e+01
1.924662958524850964e+01
8.500000000000000000e+00
9.244948453608246908e+00
1.436172702511853139e+01
1.167333598590348487e+01
1.530139012126589826e+01
1.795051744500270274e+01
1.568079188319722839e+01
1.488000000000000078e+01
8.279999999999999361e+00
1.254326725905673356e+01
1.566310357537781073e+01
1.743433874709976905e+01
9.641828117237952966e+00
1.496803468790965042e+01
1.295314373251631856e+01
1.527964416535845160e+01
1.468581081081081052e+01
1.571847735322065098e+01
1.331085043988269767e+01
1.380638894884524071e+01
1.379487179487179560e+01
1.405333333333333279e+01
1.200000000000000000e+01
1.347788586902015773e+01
1.489653629284883252e+01
1.519999999999999929e+01
