0.000000000000000000e+00
4.280261431322573973e-01
5.583683883528324232e-01
5.605257126570089010e-01
6.972504743225149682e-01
7.802440635234627608e-01
3.629650741610956355e-01
3.756424167424693428e-01
7.419559042345114097e-01
7.579467315501298152e-01
5.044916029900797794e-01
9.779150153752904640e-01
9.708450665844319261e-01
2.773760583380694977e-01
3.328654284112800288e-01
9.987987945496625830e-01
3.770798754946189102e-01
7.494890754026293234e-01
3.949226190634610445e-01
4.875129276512130128e-01
4.791649668975345722e-01
4.807473541931006622e-01
2.474797835471241880e-01
3.513091031686839116e-01
3.777666245032532122e-01
8.329551072455236849e-01
9.996218462803394544e-01
3.826209135683052431e-01
3.812690258437591573e-01
5.608877311527815657e-01
6.293610998793174316e-01
7.442066276892053134e-01
7.516525048261915032e-01
3.714356015990936677e-01
4.585901660959956772e-01
5.124690159914139231e-01
5.102089471623465489e-01
3.933595772736721563e-01
7.515764896064008882e-01
6.849377261354844260e-01
4.124519187779064899e-01
3.730185921291083728e-01
4.638865034507991258e-01
9.855479234180609671e-01
7.567423733154945431e-01
7.005061506608278865e-01
7.831486140662582418e-01
5.621803385343991932e-01
3.625645009856888756e-01
3.650543737444718606e-01
7.415624007072186830e-01
7.502031662156839475e-01
3.005269668325872834e-01
4.315878354080960877e-01
6.090353849743402881e-01
4.643873195417202449e-01
3.047251674650320874e-01
3.191189020643929730e-01
3.945055657445587505e-01
7.852773374633161829e-01
6.851613930889082216e-01
5.059319507455617426e-01
2.153909828038734486e-01
3.817078466540206882e-01
9.696306788761879236e-01
3.778903292456369245e-01
1.000000000000000000e+00
9.245469228518254923e-01
5.611650010909698949e-01
8.293571711337615060e-01
3.769552980019488242e-01
9.978824270457886669e-01
