2.077849914939443755e-03
2.077846595290590206e-03
2.077842416114508619e-03
2.077837154866074305e-03
2.077830531382436445e-03
2.077822192967174793e-03
2.077811695614017497e-03
2.077798480371552924e-03
2.077781843592332173e-03
2.077760899485340054e-03
2.077734532982843108e-03
2.077701340419907047e-03
2.077659554880698176e-03
2.077606952256836389e-03
2.077540733048088492e-03
2.077457373663212786e-03
2.077352439385120059e-03
2.077220349171533982e-03
2.077054079974185747e-03
2.076844795160502979e-03
2.076581377772747199e-03
2.076249844597238998e-03
2.075832611152694102e-03
2.075307570533320434e-03
2.074646940341162878e-03
2.073815821508810317e-03
2.072770400500180583e-03
2.071455712169230096e-03
2.069802864702446725e-03
2.067725611294131058e-03
2.065116137039833995e-03
2.061839916852519893e-03
2.057729495987531323e-03
2.052577057198312800e-03
2.046125680512687634e-03
2.038059292463608070e-03
2.027991468943097716e-03
2.015453536670219498e-03
1.999882857939436643e-03
1.980612829893365050e-03
1.956867019223694406e-03
1.927760980615756499e-03
1.892316573324415510e-03
1.849494723174415238e-03
1.798253038751574740e-03
1.737633617856961269e-03
1.666882674318147716e-03
1.585596333937306507e-03
1.493876115333227879e-03
1.392465279625932284e-03
1.282828124211497388e-03
1.167134886683451282e-03
1.048130222961791156e-03
9.288922756493732912e-04
8.125228351794624645e-04
7.018324824568418366e-04
5.990863688713284237e-04
5.058555307787464088e-04
4.229856804376594674e-04
3.506649387621976321e-04
2.885544101043521184e-04
2.359429772806279763e-04
1.918958062908979851e-04
1.553782798480977815e-04
1.253483376013762233e-04
1.008180557982754741e-04
8.088948885683850472e-05
6.477117702909622335e-05
5.178141047185311278e-05
4.134324603639763594e-05
