2.077860601036572892e-03
2.077860048259402067e-03
2.077859352350603598e-03
2.077858476247669041e-03
2.077857373290448693e-03
2.077855984735352702e-03
2.077854236625516562e-03
2.077852035849894925e-03
2.077849265180915089e-03
2.077845777025585407e-03
2.077841385555961266e-03
2.077835856797811617e-03
2.077828896146358822e-03
2.077820132639006303e-03
2.077809099139214973e-03
2.077795207363060219e-03
2.077777716397621616e-03
2.077755693001564260e-03
2.077727961521140618e-03
2.077693040671040135e-03
2.077649063680987555e-03
2.077593677345373775e-03
2.077523914266037400e-03
2.077436030954072851e-03
2.077325302325273414e-03
2.077185760302596544e-03
2.077009860466033815e-03
2.076788055585098575e-03
2.076508247869778001e-03
2.076155082038513670e-03
2.075709027539117922e-03
2.075145178473417062e-03
2.074431670820590760e-03
2.073527573380638030e-03
2.072380043240206957e-03
2.070920434847144369e-03
2.069058890911230561e-03
2.066676683672408112e-03
2.063615147178349783e-03
2.059659321645462143e-03
2.054513197798382273e-03
2.047761303257214418e-03
2.038807614978582067e-03
2.026776291825088065e-03
2.010348229239460223e-03
1.987494068963009154e-03
1.955063911971925434e-03
1.908281083395045163e-03
1.840579051297995756e-03
1.745071424693082516e-03
1.618782780704113369e-03
1.466628469558370037e-03
1.299750073850760050e-03
1.130126950478124986e-03
9.670941139499724445e-04
8.166605798541479644e-04
6.820372080576897044e-04
5.643829744307311911e-04
4.634687360690441238e-04
3.782036765144546693e-04
3.070286638087481377e-04
2.481940010866681115e-04
1.999429568237002857e-04
1.606230108667807928e-04
1.287449231675962403e-04
1.030064291018815867e-04
8.229356196000746511e-05
6.566901857216458287e-05
5.235399311198578689e-05
4.170761187228080765e-05
