5.323730927194736395e-04
5.323730927190781226e-04
5.323730927185803654e-04
5.323730927179539133e-04
5.323730927171649394e-04
5.323730927161715934e-04
5.323730927149212915e-04
5.323730927133470299e-04
5.323730927113652167e-04
5.323730927088700339e-04
5.323730927057284497e-04
5.323730927017737138e-04
5.323730926967940816e-04
5.323730926905246826e-04
5.323730926826309318e-04
5.323730926726915084e-04
5.323730926601764543e-04
5.323730926444161663e-04
5.323730926245687613e-04
5.323730925995723718e-04
5.323730925680868155e-04
5.323730925284234474e-04
5.323730924784487745e-04
5.323730924154687714e-04
5.323730923360779589e-04
5.323730922359657660e-04
5.323730921096699823e-04
5.323730919502555085e-04
5.323730917489007336e-04
5.323730914943517476e-04
5.323730911722038403e-04
5.323730907639419828e-04
5.323730902456400016e-04
5.323730895861739218e-04
5.323730887447182189e-04
5.323730876671648078e-04
5.323730862808669388e-04
5.323730844867040303e-04
5.323730821466858771e-04
5.323730790638277980e-04
5.323730749479401543e-04
5.323730693542061279e-04
5.323730615652851441e-04
5.323730503452046153e-04
5.323730333661051738e-04
5.323730056558193934e-04
5.323729543383245435e-04
5.323728325122464551e-04
5.323722274949902172e-04
5.279857196195334714e-04
5.175851696383708270e-04
5.050595626907053133e-04
4.901272031073145279e-04
4.725388911716883050e-04
4.521138268585420030e-04
4.287812965343860624e-04
4.026228169578032682e-04
3.739058260374836999e-04
3.430981497261114061e-04
3.108538485033409803e-04
2.779666220134420973e-04
2.452957299629248788e-04
2.136781604689164170e-04
1.838455287431766283e-04
1.563625298724601227e-04
1.315965482401653070e-04
1.097187459443510563e-04
9.072950022474110987e-05
7.449760624064657956e-05
6.080309941501248433e-05
