5.323730911768239510e-04
5.323730907698235627e-04
5.323730902531488606e-04
5.323730895957961076e-04
5.323730887571068550e-04
5.323730876832125179e-04
5.323730863018170858e-04
5.323730845143297185e-04
5.323730821835919022e-04
5.323730791139813642e-04
5.323730750176565224e-04
5.323730694541145992e-04
5.323730617145841200e-04
5.323730505819238967e-04
5.323730337756451972e-04
5.323730064679946987e-04
5.323729563762778999e-04
5.323728407924921933e-04
5.323723715891934749e-04
5.323679072340428350e-04
5.323576238379994999e-04
5.323441647580610600e-04
5.323271219502972735e-04
5.323056310126431318e-04
5.322785600073886214e-04
5.322444733308700181e-04
5.322015605794370866e-04
5.321475422271970202e-04
5.320795497983225094e-04
5.319939749935069647e-04
5.318862802806006724e-04
5.317507614965152549e-04
5.315802507420390325e-04
5.313657451763767730e-04
5.310959441838997760e-04
5.307566737885262330e-04
5.303301732003448806e-04
5.297942141867133855e-04
5.291210199644012444e-04
5.282759472426114223e-04
5.272158941646409164e-04
5.258874002484849102e-04
5.242244152244783907e-04
5.221457367399897709e-04
5.195521591884862339e-04
5.163234468439227131e-04
5.123153558140583963e-04
5.073570938546488260e-04
5.012498348507228932e-04
4.937671951287404132e-04
4.846589063601680777e-04
4.736592137678160295e-04
4.605016483070323947e-04
4.449415438853810897e-04
4.267867129736461758e-04
4.059348168312391426e-04
3.824131812920219891e-04
3.564136486660548749e-04
3.283127364327248976e-04
2.986675533959885038e-04
2.681818772520505557e-04
2.376442619446567106e-04
2.078486144769922173e-04
1.795136331167977988e-04
1.532178989792438908e-04
1.293620557487276006e-04
1.081610622344475453e-04
8.966171704797242480e-05
7.377618977894309594e-05
6.032167663891566106e-05
