0.000000000000000000e+00
2.219967069311443442e-01
4.411446990318430572e-01
4.417866839794640788e-01
5.028916432250052360e-01
4.065697176389475032e-01
2.085541842637132492e-01
2.738497376517874948e-01
5.253568463988420589e-01
3.557027798770856508e-01
3.652886787875800345e-01
8.142555198071517175e-01
7.663847945999162636e-01
2.028829842332736944e-01
2.457948264596495624e-01
9.487312693144746012e-01
2.674756068442474821e-01
6.367062638293793375e-01
2.748811108351770227e-01
3.130430195952126904e-01
3.778928109402557300e-01
3.771628108040820382e-01
1.742635178122028949e-01
2.540983254397347069e-01
2.929995796614666137e-01
5.603988102823946882e-01
9.847540853279196371e-01
2.814174763801255974e-01
2.751249384850109059e-01
4.440555279265536170e-01
5.003260576904181578e-01
5.388227377887185865e-01
3.553762004086596926e-01
2.070351921847244370e-01
2.534741363423231864e-01
3.998383489085163278e-01
3.959769458907331230e-01
3.279294384908131854e-01
3.560362889236452499e-01
4.971240622187750868e-01
3.323922658443060896e-01
2.596373028373022418e-01
3.710800554571697663e-01
8.782206779354012616e-01
3.522579344862593609e-01
5.038424773846178484e-01
4.518181482583684128e-01
4.510247406751820565e-01
2.255989740785594444e-01
2.418996765756922240e-01
5.211976856174045380e-01
3.373988769443239111e-01
2.102428571136565061e-01
3.504673286189960990e-01
4.523585782088504481e-01
3.722245960661463848e-01
2.186030631118670020e-01
2.294806557854995599e-01
3.331459511942473917e-01
6.624167156955711455e-01
4.976046844361829979e-01
3.322537946745987569e-01
1.516681073114136968e-01
3.053647501955817911e-01
7.580874211065893320e-01
2.980077177710378500e-01
1.000000000000000000e+00
7.712964202881454900e-01
4.458401888999882767e-01
5.486809115500789202e-01
2.632776070923490419e-01
9.163039321985761987e-01
