1.388407362452773826e-04
9.784786794647318394e-05
2.266890932061312058e-04
7.341669343388835698e-04
2.604631827073862244e-04
2.430901666451631960e-04
3.104229396271963935e-04
1.892089917153032296e-04
1.155751245698312564e-02
1.594433564208857504e-03
1.591798232511984758e-05
1.325063057220884953e-03
1.464594754371698190e-03
1.726374847909886376e-05
1.915326023835877355e-05
3.437357743635584273e-02
2.077810032429856357e-03
4.126528174740424164e-05
2.972128919875179800e-05
3.326230562686081574e-05
2.775863183834029904e-05
7.079668324763696628e-05
3.312018248617547761e-05
9.578173286046565550e-05
1.189135337266411518e-02
6.803687434605074471e-04
1.813490932018108626e-01
3.492208096125286234e-04
6.405677331256347251e-04
1.421156391127567425e-03
6.056951654090864053e-05
2.229807682375388456e-02
5.839226967048353166e-03
5.602835804837973746e-06
3.968236744932770999e-05
3.865702099893753962e-05
2.515862028702154046e-04
1.025734946243589494e-03
1.190449840874077941e-03
6.163814723962288708e-05
1.613001316422397292e-05
1.618292244678268114e-04
6.326216951416159680e-05
1.245930260441303200e-03
3.546238364151340218e-04
1.581775046629100537e-04
2.379301167482935893e-04
6.577740083678479399e-04
1.315648999091429479e-04
9.785193546713976797e-04
1.031579590101045288e-02
7.279342697820716419e-04
2.636402526199548179e-06
1.546285426710858812e-04
7.409136352188940857e-05
5.867167993291497836e-04
3.758483308176370751e-05
3.007718743742078820e-04
1.061636433121757213e-02
1.902420699134988445e-04
6.831131597996493738e-04
8.536333037438018567e-05
4.060104425211508779e-05
5.700485587004381011e-04
4.585313875006873964e-03
3.843297012964991266e-02
5.928496220950630891e-01
9.290530125155191084e-04
4.542125568246794393e-03
4.910304714600671055e-03
2.665408211744970703e-03
4.057282129158033823e-02
