1.872616651498179863e+01
4.365384615384614975e+00
1.114163090128755407e+01
7.536312849162011496e+00
5.208333333333333037e+00
6.163265306122449161e+00
1.078630705394190947e+01
9.491071428571428825e+00
1.220697811945594324e+01
9.847533632286994631e+00
1.313608815426997189e+01
1.262247724574594443e+01
8.471365638766519268e+00
9.854736842105262795e+00
6.773333333333333428e+00
8.400000000000000355e+00
9.210000000000000853e+00
1.211516853932584326e+01
8.805054151624549519e+00
1.356827691137314496e+01
6.318295739348370965e+00
1.562808213036851157e+01
1.126773648648648596e+01
7.270270270270270174e+00
6.400000000000000355e+00
1.232377740303541280e+01
1.073279999999999923e+01
8.659846547314577592e+00
1.415308691711149081e+01
8.508928571428571175e+00
9.424528301886791581e+00
1.311369294605809088e+01
9.732793522267206399e+00
1.545398182146511701e+01
6.074074074074074403e+00
1.305496722138174448e+01
5.974358974358974450e+00
1.486752539532935380e+01
1.391868330076657223e+01
9.980891719745223156e+00
1.271670702179176793e+01
6.352941176470587870e+00
8.882262996941895139e+00
6.921290322580644805e+00
9.250000000000000000e+00
1.468996525648886120e+01
6.153061224489795755e+00
8.609999999999999432e+00
1.396653071017274428e+01
1.455970666358701848e+01
1.510974880382775076e+01
1.306065573770491817e+01
1.358381012926467513e+01
1.206111603188662507e+01
1.327504786215698829e+01
1.248394495412843952e+01
8.596219931271477321e+00
9.061497326203207692e+00
1.196168757126567783e+01
1.073255813953488413e+01
1.425513802748388592e+01
9.572470373746581274e+00
1.650000000000000000e+01
1.236208625877632983e+01
9.373084610259827087e+00
1.223845787720133238e+01
1.463391896737181774e+01
1.305950622494197155e+01
8.280821917808218302e+00
1.320471698113207459e+01
7.000000000000000000e+00
1.349012048192771118e+01
1.176219854178351021e+01
8.338308457711443467e+00
1.108695652173913082e+01
1.073485513608428477e+01
1.148839556004036311e+01
1.304297458893871386e+01
1.037459807073954998e+01
8.161016949152541500e+00
9.250000000000000000e+00
7.170212765957447054e+00
1.145331325301204828e+01
1.416461836998706403e+01
1.227284698446141675e+01
7.403846153846154188e+00
1.000392156862745097e+01
1.450627213695395490e+01
1.455641111483093475e+01
1.027350427350427431e+01
1.465011327594019086e+01
1.054430379746835378e+01
1.437448959751118061e+01
1.022335025380710682e+01
1.566709875654136042e+01
1.454633656741385117e+01
9.725036179450071927e+00
9.377118644067795827e+00
1.317601760176017578e+01
1.020917822838847400e+01
1.355001759118095528e+01
1.390493136756481896e+01
1.342934994161152140e+01
1.653648904689928401e+01
1.263532633500684632e+01
1.121739130434782616e+01
5.569230769230768985e+00
9.643979057591623771e+00
9.364303178484107093e+00
1.421018403210184111e+01
1.251364256480218273e+01
1.220957095709570872e+01
1.421247792819305467e+01
1.043582887700534734e+01
6.093945720250522058e+00
