1.082251082251082250e-04
4.689754689754689751e-04
1.298701298701298700e-03
1.911976911976912084e-03
3.210678210678210784e-03
7.034632034632034951e-03
1.251803751803751835e-02
1.908369408369408465e-02
2.730880230880231019e-02
3.517316017316017562e-02
4.498556998556998282e-02
5.703463203463203512e-02
6.792929292929292262e-02
8.062770562770563143e-02
9.220779220779221075e-02
9.996392496392496330e-02
1.051587301587301598e-01
1.080447330447330406e-01
1.000721500721500762e-01
7.662337662337662114e-02
4.520202020202020166e-02
1.403318903318903285e-02
