3.510811524919658644e-01
1.597610957153303190e-04
2.147557805865690176e-03
2.749734243561934932e-04
7.373589033015244239e-05
7.527205471203062166e-05
7.404312320652808909e-04
3.441008215407114520e-04
5.195307939511991345e-03
3.425646571588332728e-04
2.788138353108889685e-03
3.881887393006150724e-03
3.487093146863459356e-04
7.296780813921335818e-04
1.152123286408632014e-04
2.841904106474625689e-04
1.536164381878176019e-04
1.640623559845891992e-03
4.255175337802547366e-04
1.211572847987317340e-02
6.129295883693922824e-04
1.713284135108729747e-02
1.818818628143760354e-03
1.136761642589850221e-04
3.840410954695440047e-05
9.109454784537584105e-04
1.920205477347720078e-03
6.006402733143668482e-04
1.525257614766840908e-02
3.441008215407114520e-04
8.141671223954332791e-04
3.702156160326404346e-03
3.794326023239094669e-04
2.552029887614213829e-02
8.295287662142150447e-05
3.046213969264422936e-03
5.991041089324886283e-05
1.466883368255470291e-02
1.022010163263550528e-02
2.411778079548736306e-04
2.537743558862746735e-03
5.222958898385798680e-05
1.004651505748327183e-03
1.190527395955586496e-03
2.027736984079192301e-04
7.516452320529914966e-03
1.505441094240612433e-04
4.608493145634528056e-04
1.280546628733647552e-02
2.660329476536625257e-02
1.027386738600124041e-02
9.370602729456874039e-04
7.249159718083112748e-03
1.734329587140460765e-03
9.628678345612406639e-03
2.009303011496654367e-03
8.940476702530984927e-04
5.745254788224378548e-04
6.736080814535801847e-03
3.963304105245694388e-04
1.263187971218424077e-02
1.685172326920359029e-03
3.461592818124281656e-02
1.531555888732541535e-03
2.305782737199142153e-03
3.227481366326047981e-03
8.568724922116466303e-03
2.183964901716202792e-02
2.242799997542136857e-04
4.885002734372599457e-03
1.490079450421830641e-04
6.375082184794430423e-03
2.738981092888787949e-03
3.087690407575133830e-04
2.473224654823863206e-04
1.749691230959242449e-03
1.522338902441272351e-03
4.110775885905999273e-03
9.554942455282254467e-04
3.625347941232495491e-04
6.144657527512704380e-06
1.443994518965485533e-04
1.020013149567108868e-03
4.749820268767320115e-03
5.832816157991434387e-03
1.597610957153303190e-04
3.917219173789349010e-04
2.081809970321304298e-02
9.177046017340224210e-03
1.797312326797465953e-04
1.695157395402567199e-02
1.092212875515383239e-03
1.580098683199891718e-02
9.078731496900020520e-04
3.199676791014052779e-02
4.591595337433867705e-03
1.061489587877819654e-03
3.625347941232495491e-04
2.792746846254523952e-03
1.439386025819850996e-03
1.309887368427520640e-02
3.021635339154372067e-03
3.946406297045033928e-03
1.443164990199271303e-01
3.365736160695083790e-03
8.832945195799511836e-04
9.985068482208143579e-05
2.934073969387316228e-03
6.282912321881739667e-04
1.110185998783357747e-02
2.252016983833406150e-03
9.309156154181746868e-04
5.219886569622042213e-03
4.596203830579502839e-03
7.358227389196462988e-04
