3.285103006755037414e-01
1.285671069077690999e-04
2.160129671670631439e-04
3.339573761900141045e-04
7.661493348956355687e-05
2.198705761874014686e-04
2.818255018016234750e-03
3.777562978673948456e-04
8.502886012846461389e-05
2.453178797792182229e-04
5.552183892329778242e-03
5.054328471469108838e-03
1.110407480544954302e-04
6.186594616769384601e-04
2.305063701883337465e-03
3.923611592731707058e-03
8.313822490272721952e-03
1.256678572316100376e-02
5.241318294498142254e-04
2.113261018588213913e-02
1.266423858800019408e-03
3.387336942873237834e-04
7.529002520285948572e-04
4.457491123975185833e-05
5.920426256611954242e-03
4.182094054894526774e-04
1.607850475749587546e-02
1.511451959654982460e-03
5.535619897763110900e-04
1.733847352818197393e-02
7.812886461996792608e-04
8.226413291017290906e-04
2.569842294072459442e-04
4.107585447745434881e-03
1.208515222070093284e-03
4.689299287738109452e-03
8.663056002906379923e-04
8.697035679955580217e-03
4.566385413839096409e-04
2.046156438894389598e-02
4.913310496253251326e-04
6.313460734259145144e-04
4.221466757262534687e-04
1.864921236348848711e-04
8.226827059966740352e-02
4.070431123021338321e-05
1.077588550244399290e-03
8.331423655108858130e-04
3.655123400697100639e-03
1.455679158635675592e-04
5.764916003531726047e-04
2.618495676671111268e-03
1.627966026775249557e-04
2.746096810709518568e-03
5.524975838912413173e-03
2.214629248999872881e-03
5.533169044736624019e-04
6.819750332234666501e-04
1.194408486804024103e-02
1.057352647650200515e-03
2.149031100827551255e-04
1.244272661769497100e-03
1.063890865231063290e-03
2.159995713698894745e-04
2.146418543357319134e-04
4.852735194458177265e-04
2.523799009796297743e-04
6.493003191915767795e-03
3.866770630225657094e-03
7.428979217135472414e-04
9.036791650661094412e-04
1.375621146381878455e-02
7.421597502993199005e-04
4.448371439970415686e-04
4.090187620614316871e-02
1.682195339949572226e-03
1.367146845364471640e-03
6.706650445466372972e-04
5.570586801895239214e-03
1.053571076370773095e-02
1.924193943854674146e-04
1.468888837120096644e-02
1.572463149171827654e-02
2.574831613898662021e-03
1.940583926791781459e-04
9.611007384417670409e-04
8.889871153605904616e-03
6.491206689065821996e-03
3.454875269775103779e-03
1.025130701491640262e-02
2.798953055196732459e-03
2.865088544213008435e-03
3.387549639555593930e-04
1.148942475751306425e-03
2.913549717594028990e-03
9.417653499372707904e-04
5.475787015579143633e-04
9.979176212504105650e-04
1.923762345182826808e-02
6.142606630551290109e-03
3.649906466969159483e-04
6.064655573251835500e-04
6.821814801371058751e-04
3.711084117682306952e-03
4.055397719864843598e-03
5.842147888344972027e-03
1.530670998494279371e-04
1.355018754747915792e-03
8.410008835823518211e-05
3.376289169426667882e-04
2.245693627037729460e-03
9.342150100887094489e-05
1.692417393128557962e-04
2.360039062005111349e-02
2.435920465105468734e-03
1.789738157068355420e-03
2.634584440764335331e-03
1.531950563221768369e-01
6.883928038907529204e-04
7.597882816373714753e-04
1.734834629982989372e-03
3.158514461106138801e-03
6.030121563860537168e-05
