0.536157 -1.09787 1 
0.550897 1.19995 0 
1.59786 2.88509 0 
0.210344 2.00927 0 
-0.281281 0.693178 0 
0.958337 0.206174 0 
0.590127 2.42537 0 
2.79849 2.37695 0 
0.79543 1.40807 0 
-0.0764584 -0.172801 0 
2.19625 1.08306 0 
-1.57706 -0.608581 1 
3.75256 1.79471 0 
-0.480937 0.853087 1 
-0.468616 0.0667569 1 
-1.15649 0.173811 0 
-0.0308137 -0.0438186 1 
-0.261164 0.582423 1 
-0.755775 -1.08577 0 
1.214 0.515985 0 
3.61733 0.339261 0 
1.41231 1.69535 0 
0.305395 0.10202 0 
-0.27407 0.213042 1 
1.181 1.52648 0 
-0.742302 0.401336 1 
0.428623 -1.26909 1 
1.22261 1.79612 0 
1.3083 2.14692 0 
-0.249025 2.03888 1 
-1.20385 -1.20865 1 
1.79637 1.95365 0 
-0.438966 0.910483 1 
0.613765 0.365593 0 
0.371379 0.249518 1 
0.307062 -0.0478694 1 
0.0308596 2.7813 0 
1.75469 0.442197 0 
0.942919 1.21348 0 
1.00777 -0.368011 1 
-0.860816 0.496684 1 
-0.155941 1.22469 1 
0.724801 2.9203 0 
1.10925 2.13915 0 
1.12499 0.415407 0 
1.43399 0.311159 0 
-1.16584 0.439998 1 
1.71189 -1.16667 1 
0.381318 0.496013 0 
1.43306 2.29631 0 
2.33729 0.777218 0 
1.21671 0.325982 0 
0.742642 1.23596 0 
0.276068 -0.0435842 1 
-0.261995 -0.300111 1 
0.601667 1.14956 0 
-0.0200279 -0.408674 1 
0.207663 -0.90684 0 
-0.615602 -0.373071 1 
0.12405 0.541334 1 
0.576571 1.41211 0 
0.15189 0.953408 0 
-1.34724 1.90004 0 
-0.336852 1.4979 0 
-0.177375 -0.657201 1 
0.585341 1.07595 0 
1.77684 0.31844 0 
0.574132 1.06922 0 
-1.33368 -1.03218 1 
0.850669 0.81441 0 
0.197177 0.994417 0 
-0.650908 0.660707 1 
1.63952 1.01697 0 
-0.320576 -0.939535 1 
0.832441 0.613758 0 
-0.507818 -0.181843 1 
0.956011 1.80751 0 
-0.853008 1.06687 0 
0.0230456 0.113419 1 
-0.589029 0.970738 1 
1.05832 -0.162241 0 
-0.0447358 0.992865 0 
1.39293 2.27495 0 
1.17434 1.90194 0 
0.579655 3.97447 0 
0.959401 -0.748877 1 
-0.560665 -1.42644 1 
-0.466947 -0.586105 0 
0.652122 1.43314 0 
3.01077 4.56987 0 
0.419202 1.76285 0 
1.85859 1.19777 1 
-0.265636 2.1072 0 
0.499965 0.838051 0 
0.52006 -0.438141 1 
1.84125 0.534253 0 
0.725404 -0.656816 1 
-1.20326 -0.012724 0 
0.129437 -0.0467341 0 
-0.204966 0.818551 1 
0.991303 0.874983 0 
0.120233 0.524006 0 
-0.948481 0.122231 1 
0.352088 2.20197 0 
-0.457015 -2.12798 1 
-0.35385 0.245805 1 
1.49016 0.505064 0 
-0.393273 1.27015 0 
0.301346 0.770707 0 
1.78233 2.6345 0 
0.933728 -1.17303 1 
-0.691159 0.690052 1 
-0.888032 0.898476 1 
-0.769666 -0.626379 1 
3.36522 0.736947 0 
1.07819 -0.0360314 0 
-0.0708372 -1.38526 1 
0.929789 -0.895113 1 
0.835088 0.327678 1 
-0.764849 0.571248 1 
-1.25068 0.600292 1 
0.981672 1.45081 0 
0.0413736 -0.378157 1 
1.05405 -0.168531 0 
2.6894 1.27601 0 
0.463178 2.00483 0 
1.89675 2.17259 0 
0.425866 0.0557208 0 
-0.162338 0.149809 1 
1.06745 2.16541 0 
1.01734 1.24645 0 
-0.0678656 -0.00952492 1 
0.747734 -0.477383 1 
-0.372809 -0.430206 1 
2.40891 -0.00418528 0 
0.41829 1.86392 0 
-0.12489 0.400738 1 
-0.504586 0.779567 1 
0.660143 -1.15553 1 
0.465901 0.367312 0 
1.48554 0.370909 0 
-0.532011 1.03412 1 
0.012469 -0.0375332 1 
0.347229 0.71617 0 
0.825727 -0.873979 1 
0.729035 0.484014 0 
1.39258 0.766654 0 
0.306405 1.08254 0 
0.679804 1.14123 0 
1.74954 0.221579 0 
2.13931 1.88886 0 
2.62338 0.438633 0 
2.30936 0.229766 0 
-0.451741 0.965159 0 
1.03598 0.801704 1 
0.847389 0.621592 0 
-0.217606 -0.666699 1 
0.585108 2.51101 0 
-0.734169 -1.48268 1 
0.671497 -0.49301 1 
0.307535 0.648941 1 
0.82607 -1.53269 1 
1.13832 2.04369 0 
0.192182 0.646971 1 
-1.14707 -0.260251 1 
3.28783 1.89278 0 
0.731817 -0.393407 0 
0.635369 0.98724 0 
2.90801 -1.28326 1 
-0.830149 -0.416914 0 
-0.768414 0.507281 0 
0.137025 0.349254 1 
0.0881015 2.52389 0 
1.16401 0.464787 0 
-0.467715 0.420684 1 
1.50473 2.7351 0 
2.48955 2.2416 0 
1.33188 1.36198 0 
0.281984 0.3165 1 
0.796857 0.241873 0 
0.919022 1.21916 0 
2.20325 1.10559 0 
0.164404 -1.56932 1 
-0.195221 -0.689811 1 
0.717236 0.738028 0 
0.595818 0.93276 0 
1.03469 0.109318 1 
0.00116208 -1.17136 1 
1.09327 -0.425058 1 
0.92868 1.18117 0 
-0.197698 1.77826 1 
-1.32179 1.15692 1 
0.637733 1.41979 0 
1.64776 0.0221931 0 
0.700869 -0.412654 0 
1.56839 1.38483 0 
0.79221 1.37147 0 
-0.293754 -0.413972 1 
-0.979206 0.629335 1 
0.0951656 0.83612 0 
1.9109 -0.215849 0 
2.81794 2.23724 0 
0.399931 -0.514882 1 
0.940704 0.727572 1 
-1.02836 1.28253 0 
1.36562 1.6744 0 
1.98769 0.345954 0 
0.636219 0.243761 0 
1.16023 1.95947 0 
-0.194124 -1.8543 1 
1.40549 1.00063 0 
1.59802 -0.120497 0 
-0.742349 1.54466 0 
0.791416 -1.60452 1 
-1.42238 -0.986962 1 
-0.991997 0.953997 0 
0.88861 0.120205 1 
2.58549 0.092308 1 
-0.0368434 0.472057 0 
0.609101 -0.919467 0 
0.350201 0.555139 1 
-1.06887 0.600143 1 
1.24245 -1.17692 1 
1.79068 1.81988 0 
1.46079 -0.565025 0 
1.82526 -0.637804 0 
0.190262 0.631272 0 
1.69637 -2.07217 0 
0.909033 -0.516254 0 
-1.0667 -0.990532 1 
2.61199 0.609757 0 
2.26653 0.613606 0 
-0.229626 0.425485 1 
2.52327 0.920766 0 
-0.904654 -1.55051 1 
1.30356 2.22662 0 
1.80988 1.54031 0 
1.08263 -0.425632 1 
2.29009 1.80826 0 
1.71634 1.99075 0 
1.54063 2.41667 0 
2.21282 0.557499 0 
-0.117798 0.661536 1 
-1.21285 -0.710735 1 
-0.209897 0.401125 1 
3.37741 -1.03403 0 
1.54421 -1.52103 1 
0.185193 3.02373 0 
-0.00696286 1.09514 0 
2.58262 1.26414 0 
-1.11764 0.519729 1 
0.717239 0.0458411 1 
0.428754 0.761454 0 
0.75625 1.33195 0 
-1.66416 -2.35952 1 
0.32706 0.647381 1 
1.36159 0.0628504 0 
-0.146508 1.54923 0 
1.90149 0.475187 0 
-0.176534 1.41585 1 
-0.196053 -0.603918 1 
3.5784 1.26155 1 
-1.61183 0.317317 1 
1.2942 2.50813 0 
1.35302 2.3162 0 
-0.556594 1.37924 0 
0.45503 -0.577086 1 
-0.625803 0.608205 0 
0.284153 1.07767 0 
1.41931 0.176947 1 
-1.02977 1.41223 1 
0.100633 -1.12026 1 
0.819837 1.63848 0 
0.749447 1.42736 0 
1.54051 1.66937 0 
0.897888 -1.41577 1 
0.451679 -1.23712 1 
-0.0649301 0.0407154 0 
0.435623 0.771205 0 
2.19293 1.61988 0 
-2.25835 0.376266 1 
-0.253945 -0.297127 1 
0.507975 -1.22259 1 
0.676978 -0.22692 1 
1.6555 -0.432004 1 
-2.48628 0.310508 1 
-0.172335 0.556233 0 
-0.0205834 1.60924 0 
-0.16052 0.574039 0 
0.257056 2.50877 1 
1.39532 0.766046 0 
0.726885 1.81402 1 
0.857733 -0.162502 1 
1.79318 -0.665643 0 
2.47251 1.73928 0 
-0.941486 0.919867 1 
-0.288256 0.171586 1 
-1.40227 0.412796 1 
-2.31928 -0.892661 1 
-0.0942406 0.0464345 1 
0.517189 2.1436 0 
1.11727 1.92983 0 
1.04066 1.78801 0 
0.209742 3.32064 0 
-1.332 1.02885 1 
1.85404 1.48299 0 
0.104875 0.274837 1 
-0.822293 -0.353623 1 
0.135175 1.70133 1 
1.60395 -0.00222679 1 
-0.192419 0.798887 1 
0.10336 -0.469809 1 
1.6821 0.29157 1 
1.09639 0.606402 0 
0.960954 -0.218534 1 
-0.473846 3.31563 0 
0.293871 1.80449 1 
-0.146691 1.1533 0 
0.0390334 -0.32253 0 
2.59703 1.1688 0 
0.222156 0.111091 0 
1.60346 0.266917 1 
-0.229394 -0.413001 0 
1.09373 1.47552 0 
1.7907 1.26112 0 
1.00323 1.67679 0 
-0.133217 -0.53162 1 
-0.0208576 -1.08696 1 
1.91485 1.75296 0 
1.21411 2.10021 0 
1.76525 0.375175 0 
-0.909245 0.757655 0 
1.39705 1.74248 0 
0.899352 0.873989 0 
0.0323062 0.117864 0 
-1.02573 0.315986 1 
0.261406 -0.00285496 1 
-0.455067 2.97657 0 
1.13847 -0.213267 1 
1.43692 2.85515 0 
1.37897 0.901931 1 
1.03369 1.14306 0 
1.56049 0.510522 0 
0.113597 -1.38522 1 
1.41204 1.44876 0 
2.03064 -0.461442 0 
-2.94428 -2.18602 1 
3.18424 1.50133 0 
0.145066 0.759629 0 
1.71725 0.203536 0 
2.09893 1.56542 0 
0.27984 0.623445 0 
2.42296 1.05101 0 
-1.05697 0.809972 1 
1.16304 -0.224234 0 
2.03929 1.49484 0 
1.62628 1.27746 0 
-1.80537 -0.989902 1 
0.760269 2.59079 0 
1.52786 2.37985 0 
0.537578 0.698345 0 
0.862173 -1.02026 1 
1.66112 -0.844253 0 
0.865235 0.310573 0 
0.893328 0.750587 0 
2.30184 1.40388 0 
1.10927 0.589433 1 
0.581172 -0.249489 1 
0.754467 1.40073 0 
-0.0866903 -0.505543 1 
0.57708 1.44106 0 
1.52747 -0.543796 0 
-1.71152 -0.326814 1 
0.411491 1.04703 1 
-0.540877 2.02619 0 
0.0773591 -2.02196 1 
0.164827 -0.515859 0 
-0.47107 0.348441 1 
1.2874 0.65907 0 
-1.6702 0.317851 1 
0.840376 -0.0798928 1 
0.519347 3.41244 0 
0.350063 -0.0621391 1 
-0.636447 -0.121418 0 
-0.629091 -0.172914 1 
1.60963 1.60673 0 
0.225534 1.99396 0 
2.85356 -0.164493 0 
1.94927 1.19583 0 
-0.57001 -0.777906 1 
-0.00586895 1.41781 0 
0.762873 1.50462 0 
-2.19243 0.503744 1 
1.60985 -0.168351 0 
-0.846129 0.636431 0 
1.94238 0.672655 0 
-0.828836 0.226313 0 
-0.496919 2.091 0 
-1.20785 1.22306 1 
1.00006 2.02433 1 
0.748831 0.494922 0 
0.318765 -0.446995 1 
0.69916 2.1385 1 
3.68303 1.17755 0 
2.51058 0.778855 0 
0.239748 0.116651 0 
0.410411 0.206147 0 
1.18066 2.68654 0 
-0.23386 -0.56857 1 
0.0257595 0.259293 0 
3.10663 0.573037 0 
2.06243 -0.555896 0 
1.40903 -0.308642 1 
1.89675 0.625821 0 
-1.4694 -1.19331 1 
-0.476153 0.713543 1 
1.17887 0.732383 0 
1.82839 2.56104 0 
2.76899 0.629738 0 
0.197811 -0.13182 1 
0.964229 -0.270069 1 
1.63024 -0.0637831 1 
0.862022 0.317408 1 
1.16851 0.680114 0 
-0.964752 -0.484686 0 
-1.93302 -1.74988 1 
2.2333 1.34037 0 
-0.544529 0.29079 1 
-1.07216 -0.16847 1 
0.703652 0.540105 0 
0.846055 0.377415 0 
2.41256 1.93525 0 
0.0470253 0.959601 0 
-2.13836 -1.14068 1 
0.100093 0.183703 1 
0.696245 0.343726 0 
-0.315772 -0.936326 1 
1.83684 1.74025 0 
-1.36169 0.41361 1 
1.49423 0.144436 0 
-1.14795 -0.616866 1 
1.5643 0.873515 0 
-0.693344 3.00014 0 
0.607601 -1.6058 1 
-0.236455 -1.62732 1 
1.28184 1.19522 0 
1.54764 -1.06486 0 
1.25698 0.425165 0 
1.05122 0.65218 0 
-0.907066 1.80218 0 
1.24425 1.26482 0 
1.61031 0.036769 0 
0.721139 -0.614914 0 
1.19455 0.448809 0 
-1.56445 1.32118 0 
1.00485 1.55014 0 
1.14719 1.07779 0 
1.8768 1.17506 0 
1.55309 1.35732 0 
1.10211 1.50175 0 
-0.303441 0.312024 1 
-0.0300513 1.51627 1 
0.915708 0.507822 0 
1.45666 0.885123 0 
1.71744 0.848868 0 
-0.908746 1.40654 1 
-0.0329135 1.65748 0 
-2.13209 1.03782 1 
1.55095 1.32756 0 
0.466914 0.550855 1 
1.77945 -0.518023 0 
2.07714 0.0624142 0 
1.61704 0.848478 0 
1.24519 3.24607 0 
0.949469 1.57668 0 
0.724899 1.0686 0 
0.550603 3.22333 0 
1.1921 -0.952636 1 
-0.483815 0.566696 1 
-0.0630549 -1.4814 1 
-0.0549189 -0.371221 1 
0.0104373 1.07143 0 
1.78678 1.42844 0 
-1.01494 0.4147 1 
0.691375 1.21945 0 
-1.9609 0.751229 1 
2.31415 0.440939 0 
0.10005 -0.0850981 0 
1.0205 -0.21317 1 
0.215585 0.551695 0 
-0.275955 -1.22851 0 
1.51202 1.40464 0 
2.17778 -1.01445 1 
2.34188 0.547792 0 
1.93149 2.36564 0 
1.41547 0.892808 0 
-1.79468 0.867083 1 
0.664734 -0.70062 1 
0.239763 -0.409328 1 
1.61339 1.1798 0 
