0.901191 0.569751 1.13637 -0.484647 1.14861 -0.74276 -0.108086 -0.296361 -0.0613926 -0.783348 4.54461 
-0.984567 1.54818 1.06826 -0.447815 -0.449478 -1.78852 -0.616774 -0.694603 -1.50251 1.30804 4.59642 
2.10447 -1.0159 2.0735 0.879319 0.518912 1.51451 -1.98901 0.453827 -0.0102281 0.287502 0.290882 
1.0427 -0.285581 0.330373 -0.177519 -0.437636 -0.07524 -1.38617 0.470533 -0.263059 -0.185039 2.01383 
-1.57696 1.50618 -2.15947 0.304928 -1.60904 -1.24033 -1.27672 -0.897208 0.828425 -0.539734 6.59879 
-0.157394 0.447361 1.21629 -1.0484 -1.35855 -0.42243 0.121759 -0.87999 0.22413 -2.52332 11.4038 
0.365023 0.899329 -0.438449 1.07701 -0.924762 1.3323 -2.72817 0.477241 -0.361354 1.71304 -0.99067 
0.0388205 -0.202141 -0.624081 0.854531 -1.7321 -0.283744 -1.36909 0.00166738 0.782864 0.0139053 2.15848 
0.249303 0.252831 1.60283 -1.01791 -2.00576 0.128206 -0.0665158 -1.09224 -1.18035 0.600734 4.01254 
-0.425279 -0.0877273 1.71199 -0.695663 0.423441 0.019213 1.50536 0.0655317 -0.474485 1.05358 4.00514 
0.308393 -1.333 1.88155 0.686891 1.16443 0.665224 0.529253 -0.15247 -0.205665 0.923956 2.38143 
0.363175 -1.16084 -0.733447 1.04163 -0.743906 0.206361 0.400087 -0.984439 0.669002 -0.820049 3.54563 
0.257415 -1.56422 0.35802 -0.334564 0.562233 0.709003 0.112488 0.320823 -0.221963 -0.488084 4.2618 
-0.100726 -0.730084 -1.2251 0.244601 -1.65687 2.51728 -0.0992803 -1.14289 0.0660861 -0.5125 3.28642 
0.499239 0.141985 0.0607395 -0.649903 1.35652 0.275221 0.490565 -0.194871 -0.115338 0.765616 0.45674 
0.252017 -0.0542331 0.796774 0.969493 0.905355 0.473189 -1.27161 1.42214 1.43266 -0.13056 3.91883 
-0.384642 -0.406444 -1.87041 0.0705261 0.401239 2.22596 -1.20927 -0.743646 0.618417 -1.40191 4.74198 
-0.626731 -1.08287 0.679883 0.646534 0.515929 0.280878 -0.7843 -0.724552 -1.37535 0.37075 5.16513 
0.529539 -0.384835 0.225819 -0.0965012 0.855265 -0.984593 0.57579 1.64503 -0.882961 -0.685784 3.21717 
1.10695 -2.3802 0.125919 -0.498422 -1.15219 -1.90567 -0.250459 -0.0630168 -1.10383 -0.439463 1.43339 
0.408302 -1.96702 1.07134 0.840453 -1.3756 0.824828 0.558105 -1.35442 1.81859 -1.62251 7.58939 
0.0679738 0.433607 -0.546644 0.580163 -0.421515 -0.907179 -0.0883804 1.19496 -0.448097 0.929149 0.969195 
0.870243 -0.214741 -0.221508 -0.0166071 -0.53856 -1.04449 -0.472772 -0.596841 -1.10662 0.225298 1.27461 
-2.31645 0.579905 0.633469 0.8794 0.335964 -1.1176 0.107335 -0.0774681 0.981754 -0.168171 10.0783 
-0.979246 1.83518 -1.69805 0.695272 -0.120274 0.274769 -0.0447779 0.42569 -0.815516 -1.27415 6.06447 
-1.2597 -0.765083 0.103349 1.30698 -1.07691 0.226975 -0.968966 0.0427917 0.0539408 -0.706154 7.268 
-2.03538 -0.00373745 0.284758 0.419078 -0.541712 -0.130702 -0.0572205 -0.47191 -0.240953 0.649475 7.35668 
0.141134 1.87298 0.05288 -0.822336 0.398781 0.62097 -0.572582 1.48076 0.904712 -1.11831 5.25247 
-1.46076 0.352574 2.14439 0.332234 1.5819 -1.0403 -1.37205 -0.466366 -0.769199 0.119779 9.92746 
-0.395655 -0.515877 -0.625202 0.377201 0.374639 -0.0217094 1.18705 -1.89323 -0.0110018 -0.000700875 3.87506 
0.139194 -0.572778 -0.990899 -0.223612 0.004528 -0.179927 -1.59825 -0.611468 0.579682 -0.882417 3.5819 
-0.739376 -0.123175 -0.251384 -0.502023 0.189359 -0.131573 0.274406 0.601224 1.19737 -0.145269 4.95344 
0.536693 -0.369848 -0.401813 0.865739 -2.24775 -1.86221 -0.232841 1.47312 -0.798051 -2.02472 6.17062 
-0.286826 0.782167 -0.0447014 0.62141 -0.535965 0.447815 0.616917 0.302179 0.107253 0.106805 4.41912 
0.294001 -1.14672 0.25711 -1.06641 0.0052752 3.49256 0.494388 -0.578669 -1.47862 2.51131 -2.76256 
0.448178 0.716413 0.679092 1.03935 -0.024722 -1.58297 0.214646 0.40228 1.6125 0.111885 2.98581 
0.499103 0.873793 -1.81155 0.0840512 2.0159 -0.0914356 -0.194543 -0.331372 1.52517 0.000268828 1.05653 
0.94785 0.267451 0.935346 0.69816 -1.37393 -2.12724 0.250371 -0.0271729 -0.798914 0.431591 0.895098 
-0.493843 1.59612 -0.17863 -1.2242 0.589726 0.648304 -0.640841 -1.61277 1.03855 1.39222 1.20104 
1.66897 -0.982011 -0.979351 -0.974522 0.170241 -0.0830083 2.05588 0.202378 0.149888 -0.624137 -0.840227 
0.830231 0.451256 -1.62226 1.06023 -1.90058 1.60689 -0.858578 0.28694 0.123884 0.947079 -2.43279 
1.28304 1.41139 -0.796266 0.250843 0.789447 0.865189 0.928261 1.45941 0.701988 -0.0160493 -0.330926 
-1.05097 -0.247598 -0.660494 1.28166 0.694957 -1.03086 -0.199702 -0.668641 0.242738 -0.808732 7.4 
0.311425 1.39684 -0.67857 0.69179 -1.18391 -0.209299 0.0679834 0.153891 -0.0311084 0.470358 0.791888 
1.29964 -0.949988 -0.0499925 -0.892201 0.34807 -0.321671 0.840717 -0.47217 -0.914562 0.742156 -0.938769 
-1.59734 0.264783 -1.58249 0.387552 1.58948 -0.810749 -0.633818 1.77003 -0.99852 0.236139 6.28147 
0.633815 -0.225072 0.406035 1.46635 -0.408612 1.83622 0.728842 -1.19218 -0.0527159 -1.15144 4.39722 
1.86026 0.69041 1.23569 -0.318192 0.837108 -0.991542 -0.242406 -1.83299 1.61159 0.704847 -0.318243 
0.161982 0.689903 -0.982863 0.91528 1.00169 -0.392409 -1.57377 0.0116088 -0.120217 -0.814653 3.6722 
0.739083 1.11325 1.9314 0.341003 -1.53878 0.882501 0.379348 -0.199332 2.13698 1.5175 0.487277 
-0.118563 1.10485 -0.8074 0.346269 -0.327271 0.711446 -0.977904 -0.56883 -0.137417 0.110475 2.48131 
1.32343 -2.09356 -2.03467 1.94778 0.978325 -0.106048 0.233047 -0.39615 -0.286138 -1.05875 0.758897 
-0.235129 -1.13727 0.0918712 -2.00358 1.81417 1.4 0.507616 0.186871 0.8823 -1.51291 7.52337 
-0.428739 -1.04904 -0.198972 -1.02839 -1.55571 0.885342 1.10182 0.00497061 0.25028 0.540985 3.10955 
-0.43212 -0.536807 -1.40243 -0.924549 -0.152385 -0.710797 -2.85999 -0.341458 -0.90609 -1.19314 5.43401 
-1.64094 0.259579 -2.3947 -0.0138314 0.259942 -0.659396 0.502578 0.0774956 -0.876758 0.235271 4.57137 
2.09171 -0.164406 -1.40514 -0.708812 -0.659349 0.0587253 -0.135932 0.918121 -0.0398443 -2.64656 2.64615 
-0.76151 0.239123 0.0641228 -0.471327 1.27634 0.948375 1.68714 -0.430218 1.05533 -0.875247 7.5683 
-0.213465 2.27249 0.227559 0.431761 0.150073 -0.625358 -0.929455 0.733356 2.06066 1.38837 0.718273 
0.372064 -0.264066 1.10028 -1.27406 1.42242 -0.654168 1.07879 1.12295 -1.09185 -0.818355 5.50305 
-0.418198 -0.844409 0.0587271 -1.08755 -0.67136 0.405524 -1.24816 -0.790622 -0.519177 0.675259 4.02003 
-0.200319 -0.361707 0.117187 -0.171807 0.907022 -0.38842 -0.526787 1.00685 -0.658814 1.84815 0.182956 
-1.61522 0.920827 -0.495029 -0.29864 -0.253864 0.0788245 -1.18263 0.152956 0.511037 -0.132883 8.19641 
-1.57779 0.0392891 0.710984 1.97003 -0.54177 -0.738411 -0.209142 -1.23546 0.103392 1.75552 4.90181 
0.453972 2.75355 -0.184577 0.414671 0.200723 -0.605683 0.726976 2.84651 -0.284584 -1.62525 5.91101 
-0.370111 0.419142 0.777412 0.490375 -0.111992 -0.165225 -1.84874 0.74419 0.422107 -0.738288 6.73495 
0.975695 -0.305842 0.261695 0.145156 0.271031 -0.939489 0.131669 0.405299 -1.7636 1.67111 -1.81215 
0.706468 -0.177924 0.0841184 -2.55417 -0.680005 1.32313 0.770199 -1.28462 -1.69513 0.486387 0.320863 
1.1384 -1.09936 -0.774299 -1.05285 -0.208509 1.28377 1.30795 0.541644 -1.86639 -0.19789 -0.296761 
0.0424621 -1.23625 0.924725 -1.41437 1.54344 -0.0489359 1.62304 -0.702033 -0.768055 -0.851575 5.46277 
-0.25883 -0.101164 1.43862 -1.15049 -1.41505 -0.849847 -0.486272 -0.852372 0.810373 1.32507 3.09279 
-0.310853 -1.99738 -1.54155 0.725624 0.99918 0.587248 0.920739 -0.637521 -0.660054 0.0489535 2.08536 
-0.480267 0.39579 -0.734347 0.109451 0.300859 -0.163801 -0.512881 -1.10777 -1.06283 1.1976 1.49076 
-0.11071 -1.45796 -0.659521 0.335935 2.18573 -0.694564 0.192806 -0.486059 1.64208 -0.2981 3.51475 
-0.661237 -2.73677 -0.324791 -1.27536 1.98865 -0.214769 -0.439219 0.0336087 0.210157 -0.456302 6.25601 
0.717109 -0.243552 1.97806 0.522463 -0.882579 0.903347 -0.196706 1.09879 -0.730804 -0.761749 6.58296 
-0.205363 -0.79585 0.0305396 0.329631 1.78137 -0.644112 -0.0038004 -0.602535 -0.192945 0.838664 2.7801 
2.60636 -0.917902 0.18403 0.119811 -0.45016 0.671642 -0.192976 0.411304 0.568665 -0.297083 -2.57994 
-0.0266675 -0.471981 0.497999 1.13793 -0.70266 1.14556 0.674895 0.0763656 -0.90374 0.274389 3.62572 
-0.118063 -0.301201 0.134477 -0.730025 -1.26315 -0.441142 0.335514 -1.71177 -0.827078 0.217629 3.38416 
-0.796393 -0.318772 1.81571 -0.255685 -0.632716 -1.48195 -0.187212 0.752199 -1.42913 0.542743 6.36136 
0.152809 0.0268848 -0.512092 -1.0506 -0.604568 0.342712 -1.02419 -0.223713 0.831988 0.140693 1.81234 
-0.0605831 -0.120891 0.289006 0.67799 0.0355268 1.42285 -0.191088 -0.837073 -1.00693 0.718914 3.02403 
0.941042 -0.159965 -1.22887 1.22258 0.107076 0.941841 -1.40257 -0.462932 -1.34167 -0.221461 0.171265 
0.0126889 -0.528292 0.477152 -0.436635 0.157843 -2.13735 -1.73035 0.876088 -0.0690924 -1.14661 6.14572 
0.276047 -0.32329 -0.57958 0.202557 -0.643723 1.04652 -0.764316 1.14384 -1.42433 0.833231 1.0534 
0.83867 1.00744 0.491093 0.345038 0.414799 -1.34427 -1.1533 1.2303 0.395257 -1.49927 4.12763 
0.559698 -0.371084 0.287604 -1.29466 -1.1678 0.451509 -0.793071 2.68431 -0.684102 -1.32392 4.6851 
-1.56659 0.442007 -1.31917 1.39854 1.8164 -0.957524 -0.095213 1.08286 2.80534 0.360057 5.52523 
0.492803 0.569017 1.68704 -1.86952 0.154073 -1.41557 -1.72221 -0.135201 -0.468908 0.179447 3.83849 
-2.36009 0.423137 0.939537 0.742375 -0.442998 -0.0898004 1.35344 -0.458312 -0.538966 1.29297 8.2629 
-0.83734 0.805136 1.40166 0.312996 0.220465 -1.1242 -0.600525 -0.729142 -0.0995368 -0.474261 7.80077 
0.578031 -0.284564 -1.0278 1.38612 -0.159601 -2.54201 -0.221436 -0.00541849 0.771101 1.45848 -2.40109 
0.713134 -0.191076 -0.764396 -0.56329 -0.249157 -1.91357 0.889043 1.27873 -1.67773 -1.05975 3.58466 
-1.4944 -1.16154 -0.241346 -0.188186 1.54856 -1.01318 0.471037 -0.502099 0.129118 0.0264911 6.6679 
-2.05124 0.853165 -0.0794927 -0.0500905 2.36352 0.605678 -1.2099 0.122773 1.26975 -0.320119 9.60602 
1.46299 -0.0614723 -1.3444 -0.16021 0.284724 1.53423 0.0315421 -0.638313 -1.18545 -0.432803 -1.25441 
0.748578 -0.0928376 -0.448571 -0.374032 0.489095 1.72571 1.17674 -1.50479 -0.230488 0.180516 1.00945 
1.01563 0.46466 -0.405828 -1.43797 0.625851 0.327586 -0.457489 -1.41894 0.198706 0.908491 -1.20858 
-1.03717 0.318768 1.35014 -0.131047 -2.78213 -1.55722 -0.454513 0.28816 -0.263823 0.316847 6.94945 
