2.09909 -2.17725 
-1.59396 8.04276 
0.360838 2.27102 
-1.66839 8.15844 
-1.09281 6.8782 
2.02422 -1.65081 
0.810661 1.75947 
0.164073 1.88214 
1.56239 -1.09948 
0.593312 1.07237 
-2.5141 8.75242 
-1.93392 8.83491 
-0.898763 6.42426 
0.305201 2.47588 
1.12798 -0.0861194 
-0.561012 4.63271 
-0.0610716 3.59862 
-1.13331 6.31879 
-0.976595 7.07885 
1.36166 -0.0422322 
0.295661 2.52582 
1.02177 1.39316 
2.8112 -4.1443 
0.1741 2.51601 
1.90027 -1.50005 
-0.108926 4.22002 
0.967238 0.196053 
-0.328018 4.64592 
-1.1352 6.16421 
-2.08326 8.39892 
0.599062 2.26057 
-0.66849 4.94231 
-1.27622 7.7241 
0.358949 2.52364 
-0.622994 4.74131 
-1.20211 7.30998 
0.86336 0.884328 
0.294137 2.75857 
-0.192869 2.60626 
0.432525 2.23332 
-0.515744 4.45005 
-0.698856 5.55675 
0.3738 2.30099 
-0.284109 3.81989 
0.52115 2.50254 
-1.3338 5.95175 
0.313428 2.7422 
-1.48266 7.00332 
1.05969 1.41677 
-1.44577 6.9133 
0.808524 0.916912 
-0.835499 5.34469 
-1.05335 6.81075 
-1.09683 6.40191 
0.184143 3.71597 
-0.338615 3.64336 
-0.928033 5.73705 
0.368903 2.31761 
0.138753 3.15169 
-1.48929 7.51646 
1.47157 -0.176573 
-1.86918 8.4022 
-0.188276 4.36217 
-0.723095 4.95022 
0.516161 2.42831 
0.00706254 3.49887 
0.324115 2.65722 
1.80025 -0.601356 
-0.274641 4.18433 
-1.9463 8.47295 
0.557829 2.7464 
-0.475264 4.98258 
-0.864242 5.58706 
0.733174 1.45743 
-0.28937 4.4927 
-1.15782 6.19659 
-1.20023 7.03116 
1.22005 0.936927 
0.432932 1.99423 
-0.247194 3.43631 
0.692495 1.40973 
-1.30936 6.84383 
-0.0086507 4.03528 
0.521896 2.03184 
0.627951 2.4497 
0.881108 0.806672 
-0.078011 4.86218 
0.411103 2.9221 
0.565174 3.17597 
1.92074 -0.844036 
0.115832 4.25873 
-0.871383 5.63121 
1.39671 0.306019 
-1.33517 6.51962 
0.446237 1.85061 
-1.38625 6.85137 
1.66775 -0.682585 
-1.12518 7.34275 
1.36515 0.0145891 
-0.916166 5.21347 
